docs/source/examples/basic/data_gis/example_DEM_100m_srtm_mga55.asc
ncols        183
nrows        198
xllcorner    374948.557126862986
yllcorner    5333919.162918530405
cellsize     100.000000000000
NODATA_value  -3.4028234663852889759e+38
[rows 40 to 59 of 198, columns 44 to 87 of 183]
580.996826171875 542.4637451171875 506.950714111328125 476.003509521484375 452.349334716796875 468.333160400390625 504.189483642578125 538.46246337890625 556.0501708984375 565.32843017578125 566.31158447265625 566.4832763671875 573.52239990234375 581.15509033203125 590.0762939453125 614.8798828125 663.42840576171875 717.7457275390625 779.21881103515625 813.2950439453125 824.7008056640625 818.15771484375 808.42364501953125 794.98040771484375 773.24859619140625 745.27459716796875 722.363525390625 701.81072998046875 691.28790283203125 687.77825927734375 681.46380615234375 679.72821044921875 677.73077392578125 672.3463134765625 667.66949462890625 663.85968017578125 660.5504150390625 658.07562255859375 657.81231689453125 658.65478515625 660.269775390625 663.42864990234375 674.3570556640625 689.7818603515625
549.87115478515625 511.796417236328125 482.448211669921875 458.104278564453125 454.317108154296875 486.088134765625 544.56103515625 579.4580078125 598.2406005859375 608.99371337890625 611.73406982421875 613.26226806640625 614.31597900390625 622.75189208984375 639.9947509765625 664.96533203125 696.6473388671875 739.51544189453125 800.00933837890625 843.42816162109375 862.60223388671875 852.51702880859375 836.23626708984375 816.45037841796875 795.2308349609375 776.97869873046875 766.37628173828125 746.38275146484375 730.31097412109375 721.81884765625 713.82196044921875 705.53350830078125 699.215087890625 691.09490966796875 679.96051025390625 671.966552734375 670.2801513671875 666.64898681640625 669.00860595703125 669.05120849609375 668.13232421875 670.702880859375 687.24755859375 702.76922607421875
514.89898681640625 472.7774658203125 452.522247314453125 449.449493408203125 478.87774658203125 516.96929931640625 582.05389404296875 619.31439208984375 643.0164794921875 652.6729736328125 648.3580322265625 643.3857421875 650.48876953125 664.90167236328125 680.4921875 684.6680908203125 697.93426513671875 738.88201904296875 810.19256591796875 860.39617919921875 883.70611572265625 888.57208251953125 875.71221923828125 847.83251953125 821.8787841796875 804.7635498046875 795.692138671875 778.328369140625 755.09002685546875 738.6409912109375 727.50738525390625 719.71832275390625 711.32647705078125 699.75445556640625 689.1270751953125 681.12286376953125 678.96295166015625 680.94415283203125 688.36444091796875 689.37530517578125 684.8590087890625 687.78460693359375 699.17388916015625 717.94573974609375
474.017974853515625 441.960113525390625 429.487548828125 457.72723388671875 496.291259765625 537.22344970703125 607.16790771484375 652.3726806640625 682.23272705078125 697.1884765625 695.91650390625 692.263427734375 693.64398193359375 692.29962158203125 680.86865234375 668.1846923828125 684.27313232421875 726.44036865234375 793.35491943359375 850.05303955078125 890.6439208984375 908.04119873046875 901.03070068359375 873.39459228515625 844.0223388671875 824.510009765625 812.8472900390625 796.2113037109375 774.4132080078125 753.54791259765625 739.223876953125 732.4949951171875 726.73956298828125 716.25933837890625 704.28326416015625 693.67584228515625 696.2271728515625 701.3701171875 704.8519287109375 704.53765869140625 701.63043212890625 703.3751220703125 712.7435302734375 733.59210205078125
426.75390625 407.98529052734375 427.400299072265625 476.253204345703125 525.61676025390625 568.17242431640625 621.41094970703125 655.7222900390625 672.269775390625 686.41815185546875 687.70458984375 685.1900634765625 680.84600830078125 672.83087158203125 662.2353515625 654.42022705078125 674.5548095703125 714.4586181640625 767.888427734375 826.19525146484375 886.44281005859375 919.8367919921875 917.480712890625 899.02301025390625 872.136474609375 846.7489013671875 832.89178466796875 817.46612548828125 793.11981201171875 769.92791748046875 754.89910888671875 749.91973876953125 746.10406494140625 736.235107421875 726.9779052734375 724.8515625 729.0562744140625 728.7913818359375 724.97613525390625 722.538818359375 722.13702392578125 721.5931396484375 730.4443359375 755.15863037109375
397.22344970703125 413.8023681640625 446.471832275390625 482.555999755859375 534.52728271484375 571.02410888671875 602.27325439453125 620.5279541015625 638.01446533203125 653.98870849609375 661.3331298828125 661.400146484375 658.05767822265625 654.61865234375 641.49456787109375 640.61639404296875 661.95269775390625 703.6585693359375 747.14288330078125 810.67059326171875 875.25726318359375 914.44488525390625 919.72711181640625 910.08770751953125 887.138671875 862.44366455078125 850.54901123046875 839.4217529296875 813.406494140625 788.8572998046875 774.543212890625 771.18084716796875 769.93017578125 768.4134521484375 763.52447509765625 765.1082763671875 763.03564453125 753.0064697265625 749.30419921875 742.34454345703125 737.985107421875 742.17156982421875 756.2958984375 785.1070556640625
384.302215576171875 424.8365478515625 453.886322021484375 477.254425048828125 523.35302734375 541.849365234375 554.4005126953125 570.7421875 599.949951171875 615.93304443359375 634.427978515625 638.862060546875 626.64056396484375 623.501220703125 617.23291015625 629.96466064453125 651.84600830078125 691.91607666015625 732.44342041015625 788.58587646484375 852.78558349609375 900.77911376953125 916.9444580078125 910.97552490234375 891.41693115234375 881.98431396484375 878.47479248046875 864.34027099609375 837.86932373046875 813.48760986328125 797.63238525390625 795.6845703125 796.1500244140625 799.123291015625 800.99298095703125 795.65289306640625 786.35302734375 778.1324462890625 772.96929931640625 765.18475341796875 758.80865478515625 766.785400390625 793.64263916015625 832.0902099609375
377.427093505859375 409.140777587890625 434.934661865234375 473.458709716796875 499.9085693359375 501.068878173828125 516.51287841796875 540.8974609375 567.08447265625 580.31854248046875 603.10089111328125 607.12066650390625 588.40283203125 592.22772216796875 604.9591064453125 626.48089599609375 650.35028076171875 684.3104248046875 723.06524658203125 778.43878173828125 849.00531005859375 898.04803466796875 913.59002685546875 912.1326904296875 899.239990234375 900.531005859375 901.286865234375 879.05743408203125 849.77056884765625 830.76739501953125 821.70660400390625 823.10003662109375 826.71307373046875 831.506103515625 831.595703125 821.40234375 810.10791015625 798.4691162109375 790.9764404296875 778.9970703125 769.51666259765625 777.4306640625 811.474365234375 860.76422119140625
357.942626953125 380.0860595703125 417.314666748046875 465.02874755859375 465.587738037109375 462.040008544921875 480.6116943359375 503.615570068359375 525.92034912109375 536.6326904296875 561.68890380859375 564.84613037109375 551.46807861328125 579.5947265625 618.97503662109375 626.84112548828125 646.98114013671875 683.22198486328125 721.88165283203125 781.81378173828125 859.63739013671875 897.86212158203125 912.53045654296875 914.3077392578125 911.566162109375 917.63287353515625 914.76751708984375 886.4739990234375 858.16741943359375 841.77587890625 830.81610107421875 833.570556640625 841.24041748046875 847.28851318359375 852.3763427734375 843.4429931640625 833.43426513671875 819.786865234375 806.03118896484375 788.00244140625 778.59783935546875 788.03131103515625 820.3251953125 869.78216552734375
333.021514892578125 363.48553466796875 416.330841064453125 438.813812255859375 429.53350830078125 431.299102783203125 448.9974365234375 467.802703857421875 488.293548583984375 500.754974365234375 521.10491943359375 519.78204345703125 529.05487060546875 577.6942138671875 625.0443115234375 634.2169189453125 647.2689208984375 681.7901611328125 720.358642578125 783.2662353515625 863.1253662109375 899.70611572265625 916.83990478515625 919.27313232421875 921.05657958984375 925.98040771484375 920.57098388671875 895.36480712890625 870.45794677734375 852.50665283203125 840.45501708984375 843.30963134765625 852.70965576171875 862.31427001953125 868.8775634765625 870.298828125 875.2313232421875 855.6458740234375 828.7587890625 798.81451416015625 788.338623046875 798.9063720703125 828.0928955078125 875.206298828125
327.366302490234375 365.534088134765625 413.494171142578125 406.65692138671875 399.79541015625 406.1922607421875 423.84356689453125 429.64373779296875 450.231842041015625 475.6158447265625 485.09368896484375 495.620941162109375 540.51153564453125 579.59832763671875 619.3359375 635.45709228515625 650.599365234375 677.998046875 716.2718505859375 775.11114501953125 843.174560546875 896.04071044921875 916.0694580078125 917.50372314453125 921.7161865234375 930.9254150390625 926.53985595703125 903.63623046875 884.24945068359375 873.0115966796875 865.076904296875 874.84130859375 885.05914306640625 889.990234375 888.75653076171875 889.7642822265625 897.14990234375 873.43585205078125 845.7740478515625 817.8616943359375 811.989013671875 818.8037109375 841.02667236328125 883.75390625
333.611846923828125 369.34112548828125 394.8770751953125 379.803436279296875 376.860809326171875 380.586029052734375 392.72747802734375 407.300445556640625 428.741241455078125 447.281036376953125 464.82183837890625 502.670379638671875 548.90582275390625 581.1298828125 608.09405517578125 626.67529296875 658.98626708984375 684.19952392578125 713.664794921875 757.7113037109375 822.539794921875 877.36029052734375 906.7188720703125 913.53228759765625 919.67950439453125 930.33868408203125 931.91357421875 911.408447265625 893.2108154296875 885.173583984375 880.99822998046875 894.92047119140625 909.27728271484375 916.3916015625 908.6126708984375 899.01611328125 896.82135009765625 876.8302001953125 859.5203857421875 850.2037353515625 853.1182861328125 852.22332763671875 862.0767822265625 900.89801025390625
338.762847900390625 366.35107421875 380.518768310546875 370.7921142578125 367.24542236328125 367.971649169921875 374.856475830078125 390.408843994140625 403.9827880859375 418.5098876953125 454.161865234375 502.87762451171875 538.97430419921875 563.675048828125 582.3245849609375 610.6707763671875 649.596923828125 686.9024658203125 719.36834716796875 758.0098876953125 818.16259765625 870.66937255859375 904.35577392578125 919.386474609375 923.5013427734375 927.7452392578125 934.9921875 919.90106201171875 904.33526611328125 896.55767822265625 890.37799072265625 891.43487548828125 901.6500244140625 913.138671875 913.72930908203125 902.86480712890625 898.81610107421875 889.68817138671875 874.92822265625 871.7711181640625 882.20556640625 890.4300537109375 904.5556640625 933.15032958984375
344.76318359375 363.52593994140625 369.0068359375 368.49346923828125 373.645263671875 383.670745849609375 385.86993408203125 388.8060302734375 412.542266845703125 438.895782470703125 475.830810546875 513.4163818359375 534.3546142578125 542.38232421875 561.69744873046875 591.09619140625 622.32598876953125 663.31878662109375 705.2158203125 744.8558349609375 814.14007568359375 866.29473876953125 905.3360595703125 929.822998046875 938.26995849609375 933.647216796875 940.62664794921875 942.96636962890625 928.99041748046875 915.63482666015625 903.5245361328125 893.79742431640625 896.63336181640625 905.86834716796875 911.49664306640625 904.01776123046875 902.04766845703125 901.19384765625 885.9002685546875 884.759033203125 906.1688232421875 921.65386962890625 946.7298583984375 973.96221923828125
345.47882080078125 358.79669189453125 362.84991455078125 371.557769775390625 387.40118408203125 404.34130859375 412.918304443359375 398.394287109375 415.6702880859375 446.137725830078125 473.07330322265625 499.940093994140625 509.524383544921875 528.43829345703125 561.02679443359375 592.172119140625 617.68994140625 652.38311767578125 697.820068359375 732.15533447265625 786.18841552734375 843.46136474609375 888.94818115234375 919.4566650390625 935.43572998046875 940.4903564453125 945.718017578125 959.26055908203125 956.08843994140625 951.1773681640625 932.6630859375 904.9881591796875 907.44384765625 914.5712890625 917.78875732421875 912.28973388671875 904.71331787109375 900.2506103515625 893.33984375 909.3753662109375 933.78076171875 944.56292724609375 960.770751953125 981.496826171875
340.895538330078125 350.33111572265625 361.946380615234375 374.783233642578125 392.007965087890625 417.537994384765625 433.98095703125 410.60003662109375 409.40399169921875 426.62054443359375 451.662994384765625 480.297454833984375 507.634674072265625 535.54644775390625 570.8409423828125 611.6365966796875 640.552490234375 666.75726318359375 694.20782470703125 710.963623046875 742.742431640625 796.42730712890625 850.4833984375 894.13616943359375 925.6224365234375 957.710205078125 971.8604736328125 974.5968017578125 976.3441162109375 979.3096923828125 966.7518310546875 940.06292724609375 944.0032958984375 940.51068115234375 930.46588134765625 926.20806884765625 908.8966064453125 898.7435302734375 912.5531005859375 942.20025634765625 960.0511474609375 960.43133544921875 966.15118408203125 976.51153564453125
334.139739990234375 347.12774658203125 364.2333984375 374.652984619140625 401.372711181640625 429.14849853515625 452.7254638671875 435.03472900390625 426.77215576171875 436.013275146484375 448.751983642578125 483.22900390625 520.97454833984375 543.793212890625 578.82244873046875 625.32421875 652.4398193359375 670.94970703125 680.08807373046875 681.75921630859375 704.78424072265625 764.6724853515625 824.03662109375 870.7989501953125 921.4100341796875 968.199462890625 990.28955078125 991.1297607421875 992.5174560546875 995.1571044921875 988.18853759765625 974.41680908203125 974.851318359375 964.94879150390625 953.834228515625 933.16546630859375 908.09832763671875 908.45477294921875 935.7039794921875 953.1798095703125 949.7474365234375 953.0863037109375 969.36541748046875 979.49114990234375
338.5770263671875 354.412322998046875 384.38092041015625 396.30267333984375 408.08319091796875 443.8343505859375 478.68212890625 476.571746826171875 474.012969970703125 478.868408203125 476.610260009765625 493.323883056640625 525.55078125 553.84710693359375 587.2891845703125 627.57440185546875 648.59344482421875 651.74859619140625 653.93084716796875 649.6055908203125 668.44635009765625 728.82000732421875 793.97332763671875 843.6527099609375 905.28619384765625 960.62078857421875 990.36175537109375 998.667724609375 1001.671142578125 1002.43243408203125 1000.56036376953125 993.44000244140625 985.1365966796875 978.39434814453125 974.06585693359375 947.84259033203125 923.04840087890625 924.40203857421875 946.72125244140625 937.24249267578125 902.41351318359375 908.20086669921875 947.25128173828125 962.43853759765625
349.147430419921875 362.135528564453125 394.944976806640625 419.2557373046875 429.3837890625 455.691070556640625 484.710968017578125 494.313720703125 502.362579345703125 513.705078125 509.307098388671875 517.17205810546875 540.714599609375 566.70050048828125 591.8818359375 609.93463134765625 617.38134765625 614.17095947265625 611.34130859375 613.1917724609375 632.484375 685.27386474609375 760.7047119140625 819.5733642578125 879.821044921875 929.349365234375 965.00030517578125 991.098876953125 1002.0040283203125 1004.35687255859375 1003.2689208984375 1002.7823486328125 1000.4443359375 999.1697998046875 979.56854248046875 939.1224365234375 924.8184814453125 921.8797607421875 921.54058837890625 886.72515869140625 849.9864501953125 865.52606201171875 923.7091064453125 929.61285400390625
360.951812744140625 377.97021484375 400.911285400390625 426.905670166015625 438.35845947265625 447.9814453125 462.10791015625 476.28143310546875 485.634613037109375 501.267974853515625 514.70697021484375 535.04156494140625 555.53759765625 565.715576171875 569.29864501953125 569.37158203125 576.17401123046875 578.3624267578125 579.81243896484375 587.265625 604.4129638671875 649.37664794921875 727.850830078125 786.07586669921875 837.8271484375 875.48553466796875 905.7061767578125 950.93170166015625 989.59405517578125 1002.0404052734375 1006.29931640625 999.598388671875 995.59576416015625 991.24261474609375 939.77239990234375 886.53851318359375 864.01971435546875 866.80645751953125 862.1353759765625 821.12664794921875 803.86212158203125 834.6092529296875 890.14874267578125 881.0654296875
