docs/source/examples/basic/data_gis/example_DEM_100m_srtm_mga55.asc
ncols        183
nrows        198
xllcorner    374948.557126862986
yllcorner    5333919.162918530405
cellsize     100.000000000000
NODATA_value  -3.4028234663852889759e+38
[rows 140 to 159 of 198, columns 0 to 43 of 183]
-3.4028234663852885981e+38 -3.4028234663852885981e+38 254.5656585693359375 256.21392822265625 256.166473388671875 252.23907470703125 243.917083740234375 238.9218292236328125 237.7747039794921875 235.2263031005859375 234.91021728515625 235.6822357177734375 235.530242919921875 237.8840789794921875 242.5881500244140625 245.4134368896484375 239.2533721923828125 232.7944183349609375 229.7913360595703125 227.0555572509765625 219.763275146484375 217.0635528564453125 223.3993377685546875 228.5733489990234375 240.2825775146484375 247.2942352294921875 259.80914306640625 277.39312744140625 285.759613037109375 289.319976806640625 271.131561279296875 250.0061798095703125 227.6881256103515625 212.0008087158203125 207.1320343017578125 208.9374237060546875 204.56982421875 200.13568115234375 195.2234039306640625 198.23309326171875 239.528411865234375 272.418365478515625 275.762603759765625 274.089080810546875
-3.4028234663852885981e+38 -3.4028234663852885981e+38 251.131927490234375 253.8314361572265625 256.226470947265625 251.0022125244140625 239.962310791015625 234.7080535888671875 234.272003173828125 232.1257781982421875 232.5777435302734375 232.999298095703125 229.953643798828125 232.7167816162109375 240.0943450927734375 243.9062347412109375 239.5144805908203125 233.823028564453125 231.99505615234375 228.617279052734375 219.644989013671875 214.71185302734375 218.15228271484375 235.260711669921875 256.500152587890625 260.34332275390625 275.193115234375 284.59393310546875 297.203125 297.468719482421875 259.610992431640625 223.3334808349609375 201.378387451171875 193.0819854736328125 182.6728057861328125 175.61053466796875 172.7410888671875 163.484893798828125 162.2802734375 198.311859130859375 238.7126312255859375 256.7662353515625 268.42181396484375 270.078826904296875
-3.4028234663852885981e+38 -3.4028234663852885981e+38 244.6577911376953125 246.3852081298828125 249.8567352294921875 245.094146728515625 235.2742156982421875 230.3710479736328125 228.746612548828125 227.2541046142578125 229.6977996826171875 230.3707122802734375 225.0674591064453125 229.585296630859375 237.03216552734375 242.3974456787109375 236.9383087158203125 230.50531005859375 231.3628387451171875 229.53857421875 220.62017822265625 214.435577392578125 216.9958953857421875 247.5072784423828125 273.149810791015625 274.048675537109375 291.9412841796875 291.015777587890625 298.258331298828125 305.29986572265625 279.432220458984375 231.690216064453125 196.43499755859375 186.25274658203125 187.1377716064453125 179.2191925048828125 175.4850311279296875 162.980224609375 156.8116302490234375 190.3293304443359375 215.7847747802734375 233.9117279052734375 263.181365966796875 259.439697265625
-3.4028234663852885981e+38 -3.4028234663852885981e+38 241.064453125 238.2077789306640625 237.821990966796875 233.321563720703125 227.842041015625 225.3052215576171875 223.94293212890625 222.5918426513671875 225.6053924560546875 226.813812255859375 220.907867431640625 223.1161346435546875 229.9960174560546875 239.4312896728515625 234.318878173828125 223.8500518798828125 228.5145263671875 229.4839324951171875 222.7452392578125 215.9622650146484375 215.8873748779296875 246.9637603759765625 278.56439208984375 278.43988037109375 294.074554443359375 296.294036865234375 297.360198974609375 306.144866943359375 290.66937255859375 244.255126953125 198.970672607421875 185.6855010986328125 187.826751708984375 172.8087310791015625 167.5123291015625 159.71575927734375 147.1857147216796875 162.141571044921875 179.1864166259765625 214.4476165771484375 244.081207275390625 230.081573486328125
-3.4028234663852885981e+38 -3.4028234663852885981e+38 237.72039794921875 232.535400390625 229.38720703125 225.819854736328125 222.19122314453125 220.3165130615234375 219.459259033203125 218.040863037109375 218.5428009033203125 217.3876190185546875 214.2494354248046875 215.686859130859375 220.4097137451171875 231.4966888427734375 232.62890625 221.550445556640625 225.55926513671875 227.567596435546875 222.8606109619140625 218.4010772705078125 214.359832763671875 239.291656494140625 278.064422607421875 282.92864990234375 296.55670166015625 303.225799560546875 297.91973876953125 301.958709716796875 280.547698974609375 241.5649871826171875 201.166412353515625 182.15240478515625 182.4102783203125 166.0365447998046875 161.7713165283203125 163.096527099609375 150.840850830078125 145.7269134521484375 165.369659423828125 196.294189453125 212.8968658447265625 200.7925567626953125
-3.4028234663852885981e+38 -3.4028234663852885981e+38 233.912841796875 230.4883575439453125 227.69085693359375 225.4176483154296875 223.49627685546875 222.9614410400390625 219.912872314453125 216.4866790771484375 214.6690216064453125 213.2387847900390625 211.44122314453125 211.6419525146484375 211.952423095703125 219.384552001953125 226.5712738037109375 219.706268310546875 222.238128662109375 226.7020416259765625 222.0479888916015625 218.1049652099609375 215.143890380859375 239.96832275390625 275.279815673828125 286.28839111328125 300.294952392578125 306.251434326171875 298.737640380859375 296.087127685546875 281.117889404296875 240.7969512939453125 200.349761962890625 179.6953277587890625 174.59716796875 159.156890869140625 164.3635406494140625 164.07501220703125 145.7920684814453125 141.0875396728515625 155.8022918701171875 173.3081817626953125 188.0182037353515625 173.912261962890625
-3.4028234663852885981e+38 -3.4028234663852885981e+38 234.938201904296875 233.0980682373046875 230.5105133056640625 227.93243408203125 227.6795501708984375 228.0446319580078125 221.89141845703125 217.5569305419921875 215.71337890625 214.8577117919921875 212.576446533203125 210.8192138671875 209.439605712890625 211.621124267578125 217.21026611328125 215.258392333984375 217.372650146484375 223.6313934326171875 221.5050048828125 215.562225341796875 213.4313507080078125 233.406280517578125 274.525543212890625 296.691314697265625 305.922882080078125 306.6207275390625 297.85052490234375 291.7266845703125 289.299346923828125 257.313934326171875 211.272491455078125 177.637359619140625 167.46112060546875 156.2160186767578125 162.9812774658203125 161.9095001220703125 138.5530548095703125 142.727294921875 168.591705322265625 180.19122314453125 188.8113861083984375 181.564697265625
-3.4028234663852885981e+38 -3.4028234663852885981e+38 238.7594757080078125 237.1428070068359375 233.2484283447265625 230.8690338134765625 229.7171478271484375 227.9413604736328125 222.023834228515625 218.72503662109375 217.224395751953125 216.223236083984375 213.22161865234375 211.292205810546875 209.1875762939453125 209.644317626953125 212.201080322265625 211.657501220703125 212.8836669921875 216.286163330078125 220.356231689453125 218.4208526611328125 213.590179443359375 231.0414581298828125 275.321746826171875 305.06103515625 300.687896728515625 294.812469482421875 295.690887451171875 290.017486572265625 286.5946044921875 260.80157470703125 226.2714691162109375 185.77227783203125 162.6594696044921875 148.8631744384765625 149.8860931396484375 154.1885223388671875 136.563446044921875 141.068603515625 167.360504150390625 183.1853790283203125 188.4031524658203125 187.1700439453125
-3.4028234663852885981e+38 -3.4028234663852885981e+38 240.286041259765625 238.552734375 236.32769775390625 236.3285064697265625 231.53741455078125 227.1874542236328125 222.6205596923828125 220.7371978759765625 219.7516632080078125 218.49932861328125 215.89849853515625 215.4575347900390625 213.4008941650390625 210.063995361328125 210.3761749267578125 209.384185791015625 209.3679962158203125 211.7556915283203125 219.5102386474609375 221.9281005859375 213.6379547119140625 222.7661590576171875 253.4201507568359375 275.859161376953125 278.512939453125 283.71331787109375 291.78558349609375 288.279022216796875 294.60736083984375 266.305023193359375 220.73822021484375 182.652130126953125 157.6087493896484375 148.8472900390625 143.8685150146484375 137.1192169189453125 130.8827362060546875 138.1763916015625 159.0071258544921875 171.5203857421875 175.7961883544921875 173.973785400390625
-3.4028234663852885981e+38 -3.4028234663852885981e+38 240.17352294921875 241.2574920654296875 246.4099578857421875 248.44256591796875 240.2075958251953125 232.0312652587890625 226.2819061279296875 224.750030517578125 223.621856689453125 221.1579742431640625 218.7669830322265625 216.54718017578125 215.1871185302734375 211.8218536376953125 209.40875244140625 207.986572265625 206.603271484375 211.2255859375 220.8299102783203125 227.744720458984375 219.1236572265625 212.8755645751953125 219.6881103515625 242.186126708984375 266.599639892578125 287.75775146484375 289.41650390625 287.156707763671875 300.5091552734375 281.127288818359375 237.6992645263671875 194.2468414306640625 165.5406494140625 161.1359405517578125 147.8067474365234375 133.2510223388671875 127.22522735595703125 133.3386688232421875 148.288543701171875 153.8736724853515625 149.5209808349609375 136.57708740234375
-3.4028234663852885981e+38 -3.4028234663852885981e+38 244.522796630859375 250.702789306640625 260.50164794921875 269.178009033203125 256.135009765625 238.8258819580078125 231.50885009765625 228.84979248046875 226.1123199462890625 222.5366668701171875 217.7005157470703125 213.876739501953125 214.041656494140625 212.5865020751953125 209.6922454833984375 207.786224365234375 206.231597900390625 211.5930633544921875 221.2315521240234375 229.44598388671875 222.9677276611328125 215.5444793701171875 226.18743896484375 256.622589111328125 281.342529296875 294.730987548828125 288.694580078125 282.5081787109375 297.60015869140625 287.78466796875 250.2576751708984375 201.4553985595703125 176.3763885498046875 175.2714080810546875 154.422454833984375 146.0938873291015625 130.2198028564453125 124.541168212890625 131.970916748046875 133.4024505615234375 129.0656585693359375 116.678741455078125
-3.4028234663852885981e+38 -3.4028234663852885981e+38 252.3804779052734375 258.941162109375 272.035858154296875 290.96429443359375 278.757537841796875 245.2218017578125 237.454437255859375 236.1008758544921875 228.2583465576171875 220.7566986083984375 214.777496337890625 212.3835906982421875 212.611419677734375 211.201904296875 209.8355712890625 207.7992095947265625 205.8871917724609375 209.5883331298828125 219.4024658203125 228.2249908447265625 223.683837890625 220.2882080078125 240.6376495361328125 276.616607666015625 292.846405029296875 298.9757080078125 290.191558837890625 277.874603271484375 286.36407470703125 274.76104736328125 238.9716644287109375 200.4155426025390625 186.91998291015625 177.5003814697265625 157.312347412109375 154.8350372314453125 134.3016357421875 119.39119720458984375 117.82228851318359375 118.12802886962890625 118.3042449951171875 112.8888397216796875
-3.4028234663852885981e+38 -3.4028234663852885981e+38 259.56109619140625 267.410675048828125 282.291351318359375 299.885040283203125 281.962554931640625 247.8035125732421875 241.9933319091796875 239.332427978515625 228.1334686279296875 219.097564697265625 211.3090667724609375 210.629730224609375 211.722137451171875 209.499969482421875 209.734283447265625 208.391998291015625 205.980316162109375 207.8738861083984375 215.020782470703125 223.2716064453125 219.9034423828125 218.777587890625 239.3682861328125 268.131744384765625 289.7135009765625 298.385955810546875 291.98394775390625 276.205841064453125 276.336822509765625 255.841339111328125 214.2341156005859375 187.1446533203125 186.9144439697265625 168.1579742431640625 149.9651947021484375 149.709381103515625 132.18548583984375 116.9573516845703125 114.50475311279296875 113.107513427734375 111.8392486572265625 110.9769287109375
-3.4028234663852885981e+38 -3.4028234663852885981e+38 267.637542724609375 275.16510009765625 288.207061767578125 295.188720703125 268.13916015625 244.2324676513671875 239.33319091796875 233.4189300537109375 224.367095947265625 215.9860382080078125 211.2209320068359375 209.643402099609375 210.029449462890625 209.3506011962890625 211.7375946044921875 209.34039306640625 206.9203643798828125 210.6339874267578125 212.733123779296875 215.5258636474609375 213.3406524658203125 216.2587890625 232.4001922607421875 258.401947021484375 287.423797607421875 294.900299072265625 293.6202392578125 273.905303955078125 270.174468994140625 260.16131591796875 218.0051727294921875 184.427459716796875 180.6246795654296875 168.657440185546875 150.910797119140625 141.6379852294921875 123.75299072265625 113.1157684326171875 110.60186004638671875 109.95023345947265625 109.9333648681640625 110.89675140380859375
-3.4028234663852885981e+38 -3.4028234663852885981e+38 277.452056884765625 284.4971923828125 298.180389404296875 300.314208984375 269.112060546875 244.0485992431640625 233.5305938720703125 228.110626220703125 222.5092315673828125 216.115020751953125 216.6522674560546875 215.019775390625 211.52484130859375 210.71826171875 213.005828857421875 208.5726470947265625 205.495513916015625 210.4488067626953125 211.814544677734375 211.5034637451171875 209.67266845703125 212.9987030029296875 224.600616455078125 250.923553466796875 275.056732177734375 293.6846923828125 297.45672607421875 276.62554931640625 263.924072265625 262.41748046875 223.1191558837890625 184.30963134765625 175.5067901611328125 168.0837860107421875 148.748077392578125 142.657501220703125 122.06554412841796875 109.7680206298828125 106.415863037109375 109.515045166015625 117.436492919921875 125.43495941162109375
-3.4028234663852885981e+38 -3.4028234663852885981e+38 279.806365966796875 286.49267578125 302.293487548828125 302.6650390625 274.776092529296875 247.7226104736328125 233.51708984375 226.4653778076171875 222.3533935546875 219.3742523193359375 224.410186767578125 224.418975830078125 218.7332763671875 214.3249969482421875 212.04119873046875 208.424224853515625 206.462493896484375 210.048828125 211.9095916748046875 211.1032562255859375 207.976470947265625 212.752532958984375 220.783203125 237.245849609375 268.5081787109375 296.2537841796875 297.872222900390625 271.80181884765625 263.584014892578125 275.08819580078125 245.0262603759765625 193.3238372802734375 162.7709503173828125 157.1859130859375 144.6515350341796875 139.6279449462890625 122.8203582763671875 108.06386566162109375 106.69482421875 113.16419219970703125 129.6738433837890625 142.2873687744140625
-3.4028234663852885981e+38 -3.4028234663852885981e+38 275.622894287109375 281.635589599609375 297.757110595703125 307.304779052734375 287.85357666015625 253.24078369140625 234.501617431640625 228.128082275390625 223.9498748779296875 222.4592132568359375 227.9029541015625 230.645843505859375 228.4502105712890625 225.3280792236328125 221.1582183837890625 215.404388427734375 209.1247100830078125 208.6168365478515625 210.01593017578125 209.4248809814453125 207.366058349609375 212.7057037353515625 222.337921142578125 238.620452880859375 268.584136962890625 298.142333984375 299.209320068359375 272.878448486328125 256.27197265625 269.373260498046875 254.9285888671875 205.28070068359375 160.6339569091796875 148.62615966796875 145.3929901123046875 140.2420196533203125 117.62885284423828125 107.04285430908203125 107.1472625732421875 119.15569305419921875 145.280548095703125 157.0528411865234375
-3.4028234663852885981e+38 -3.4028234663852885981e+38 271.70159912109375 279.41680908203125 294.03814697265625 308.79302978515625 297.196533203125 262.4710693359375 242.0096282958984375 237.278778076171875 230.89459228515625 228.0071258544921875 235.77557373046875 240.4196319580078125 241.205535888671875 241.744720458984375 237.90753173828125 228.78155517578125 216.2599334716796875 208.3240966796875 206.325836181640625 201.6972503662109375 208.0882110595703125 224.2061767578125 222.71417236328125 235.7402801513671875 266.4410400390625 294.001434326171875 294.187652587890625 277.223785400390625 249.73919677734375 230.51763916015625 230.315704345703125 197.73699951171875 156.218017578125 135.80499267578125 136.6792449951171875 133.2241973876953125 113.27298736572265625 106.55802154541015625 107.333251953125 122.56049346923828125 144.64971923828125 155.951202392578125
-3.4028234663852885981e+38 -3.4028234663852885981e+38 271.3609619140625 280.7401123046875 292.25885009765625 310.215423583984375 311.0614013671875 275.148590087890625 250.8026123046875 245.5417022705078125 234.102264404296875 232.959564208984375 241.6385955810546875 248.2457275390625 246.746856689453125 244.86798095703125 241.5977630615234375 234.5942840576171875 223.3170318603515625 210.0825653076171875 201.1064300537109375 188.419403076171875 205.7481689453125 239.0963287353515625 241.7093963623046875 242.9217987060546875 272.558837890625 290.547027587890625 288.465118408203125 268.4661865234375 245.6666107177734375 207.2805328369140625 196.7953338623046875 177.436553955078125 149.9085693359375 128.9365386962890625 126.014923095703125 124.34261322021484375 111.11835479736328125 103.96387481689453125 106.27832794189453125 115.8879241943359375 135.9222564697265625 153.7763519287109375
-3.4028234663852885981e+38 -3.4028234663852885981e+38 274.5196533203125 280.376556396484375 292.534820556640625 319.412200927734375 327.83306884765625 290.255584716796875 259.905853271484375 247.0795745849609375 235.773468017578125 240.1067962646484375 245.607818603515625 250.471160888671875 250.5162353515625 248.036376953125 247.390350341796875 248.9083251953125 241.603973388671875 224.392364501953125 203.5005035400390625 184.0499420166015625 195.26373291015625 226.880157470703125 249.99951171875 254.2017059326171875 281.66180419921875 294.2091064453125 286.914520263671875 264.946441650390625 235.2117156982421875 209.469573974609375 211.5048828125 195.2013092041015625 160.048004150390625 128.325927734375 124.64400482177734375 131.777069091796875 114.61197662353515625 103.28588104248046875 105.48232269287109375 109.78919219970703125 138.6498565673828125 163.8436279296875
