docs/source/examples/basic/data_gis/example_DEM_100m_srtm_mga55.asc
ncols        183
nrows        198
xllcorner    374948.557126862986
yllcorner    5333919.162918530405
cellsize     100.000000000000
NODATA_value  -3.4028234663852889759e+38
[rows 100 to 119 of 198, columns 44 to 87 of 183]
299.03179931640625 306.222900390625 317.12158203125 326.62384033203125 322.03326416015625 310.46978759765625 288.71563720703125 272.392791748046875 262.0426025390625 258.290496826171875 262.467193603515625 276.47479248046875 297.8922119140625 304.393035888671875 299.23565673828125 301.0118408203125 295.90399169921875 290.8892822265625 294.427886962890625 286.797454833984375 258.268798828125 247.33673095703125 272.028900146484375 289.694488525390625 303.4332275390625 312.973876953125 315.496856689453125 323.3238525390625 340.774017333984375 365.4462890625 400.0230712890625 441.528228759765625 491.40643310546875 535.974853515625 556.82464599609375 587.81060791015625 596.14697265625 568.063232421875 550.74322509765625 567.30596923828125 596.41790771484375 610.52972412109375 634.44561767578125 664.04071044921875
295.7218017578125 304.376556396484375 314.8721923828125 321.53857421875 314.69000244140625 297.732269287109375 279.469207763671875 270.259033203125 259.936431884765625 255.8231964111328125 266.3919677734375 275.1614990234375 292.551422119140625 296.17413330078125 291.2685546875 291.189361572265625 284.776641845703125 282.189483642578125 286.5943603515625 268.683258056640625 247.6168670654296875 254.134490966796875 284.575164794921875 302.8299560546875 303.32861328125 310.0701904296875 319.037322998046875 321.6571044921875 334.24993896484375 361.9595947265625 402.667388916015625 441.51123046875 479.21942138671875 514.125244140625 538.9835205078125 570.129150390625 585.760009765625 573.44610595703125 547.31494140625 540.9212646484375 555.82757568359375 560.3497314453125 580.50421142578125 600.3416748046875
298.913238525390625 306.9737548828125 310.73486328125 309.9598388671875 304.147430419921875 287.51593017578125 270.78131103515625 262.819366455078125 255.825653076171875 252.2259979248046875 265.441375732421875 274.898895263671875 292.384063720703125 291.0740966796875 286.98284912109375 284.776611328125 271.7796630859375 270.683868408203125 278.65045166015625 259.86767578125 240.0496978759765625 272.19451904296875 295.553253173828125 309.7120361328125 316.99639892578125 320.804962158203125 328.568359375 331.092193603515625 335.80877685546875 351.924652099609375 383.940673828125 421.690521240234375 459.368316650390625 489.05157470703125 515.119384765625 550.75445556640625 582.9224853515625 576.3052978515625 548.768310546875 529.47314453125 529.247314453125 520.2996826171875 527.74365234375 541.1734619140625
298.0966796875 306.872833251953125 307.764007568359375 302.99273681640625 298.7012939453125 283.018829345703125 267.58612060546875 257.4385986328125 250.0173797607421875 246.495391845703125 257.40753173828125 275.0313720703125 294.984832763671875 288.6728515625 283.243377685546875 283.887908935546875 271.387420654296875 254.728240966796875 251.7425689697265625 241.563140869140625 239.522491455078125 276.020599365234375 300.720611572265625 312.257843017578125 324.17889404296875 327.63330078125 333.427520751953125 341.97412109375 350.415924072265625 359.189910888671875 380.037322998046875 416.211669921875 447.869293212890625 469.44390869140625 493.418426513671875 537.34210205078125 581.87799072265625 590.3173828125 561.1724853515625 530.2821044921875 517.15179443359375 495.56890869140625 497.87640380859375 512.82379150390625
293.05035400390625 299.684417724609375 300.623565673828125 300.110595703125 299.261749267578125 282.95074462890625 269.414581298828125 258.758087158203125 248.85357666015625 245.2997894287109375 254.64239501953125 274.54290771484375 292.438507080078125 287.574432373046875 280.37139892578125 284.4481201171875 278.06463623046875 252.7239990234375 230.7540740966796875 228.4814910888671875 243.61376953125 264.27117919921875 293.1181640625 311.63543701171875 322.39703369140625 327.011260986328125 333.910125732421875 343.68359375 351.77447509765625 360.73321533203125 375.645416259765625 400.261138916015625 429.212615966796875 455.6905517578125 485.4595947265625 528.667236328125 570.03082275390625 589.94989013671875 559.6661376953125 525.20587158203125 497.483306884765625 472.76885986328125 477.094635009765625 494.461273193359375
285.437835693359375 289.802978515625 296.1229248046875 302.093658447265625 302.7769775390625 288.340179443359375 273.719329833984375 255.4124603271484375 242.9493408203125 236.6775665283203125 243.881561279296875 264.169097900390625 284.274139404296875 285.98583984375 275.11480712890625 279.6099853515625 278.1163330078125 251.837921142578125 227.5876312255859375 241.7746734619140625 254.3566131591796875 273.332733154296875 294.550506591796875 311.2529296875 321.5653076171875 326.1995849609375 330.61248779296875 339.622528076171875 349.15777587890625 358.566864013671875 373.423797607421875 395.238250732421875 428.08831787109375 456.6279296875 484.1937255859375 518.45941162109375 549.74969482421875 574.399658203125 549.97186279296875 509.824554443359375 475.82171630859375 449.897003173828125 455.3226318359375 470.609649658203125
279.08966064453125 286.631927490234375 299.915802001953125 306.47314453125 306.526702880859375 295.033935546875 276.037353515625 265.72906494140625 253.3296966552734375 229.470245361328125 233.113739013671875 256.62640380859375 284.91046142578125 287.25750732421875 268.50140380859375 267.687042236328125 267.323486328125 241.0504302978515625 235.3596649169921875 274.45758056640625 289.325042724609375 284.12713623046875 301.228271484375 318.0758056640625 323.79034423828125 324.477783203125 330.663787841796875 341.76849365234375 350.27508544921875 357.9019775390625 371.251220703125 390.12115478515625 415.632293701171875 443.504302978515625 474.870269775390625 501.457489013671875 522.421142578125 543.81298828125 542.981201171875 510.91094970703125 473.58880615234375 433.16107177734375 427.999664306640625 437.22064208984375
276.645355224609375 285.27850341796875 297.50921630859375 297.633544921875 296.72943115234375 291.587982177734375 281.34039306640625 276.70513916015625 264.78863525390625 237.2399444580078125 227.5086517333984375 248.535980224609375 272.100372314453125 283.108612060546875 261.95477294921875 250.4575347900390625 249.0186614990234375 231.93426513671875 234.6122283935546875 274.08184814453125 299.51531982421875 300.28857421875 305.718658447265625 317.506439208984375 320.47821044921875 322.705291748046875 331.689544677734375 343.331268310546875 347.947723388671875 353.72119140625 360.092376708984375 376.826812744140625 407.284698486328125 435.9906005859375 459.4227294921875 467.716156005859375 490.71636962890625 506.3265380859375 507.519134521484375 488.1541748046875 460.891448974609375 420.348114013671875 399.209075927734375 409.9420166015625
277.31439208984375 283.796875 292.0572509765625 287.993927001953125 284.118988037109375 282.037933349609375 279.6990966796875 276.396820068359375 264.644775390625 248.645416259765625 225.2870330810546875 227.6737518310546875 254.0690460205078125 265.494293212890625 252.0490875244140625 239.34600830078125 227.689239501953125 225.6255950927734375 242.6881103515625 268.528564453125 293.08013916015625 303.55438232421875 310.069580078125 316.370635986328125 315.517059326171875 320.373016357421875 328.72943115234375 338.08575439453125 341.126678466796875 346.07196044921875 350.446746826171875 369.889617919921875 402.256195068359375 429.05706787109375 448.905487060546875 439.862213134765625 468.220184326171875 490.81463623046875 482.939056396484375 457.96905517578125 435.379730224609375 410.207061767578125 383.523284912109375 384.885345458984375
276.412567138671875 283.261444091796875 283.50628662109375 276.986541748046875 269.2156982421875 270.487213134765625 273.382537841796875 263.815704345703125 257.04974365234375 249.5385894775390625 217.304107666015625 212.035064697265625 241.3424072265625 243.91845703125 234.9247894287109375 232.01751708984375 215.4716033935546875 234.8335113525390625 259.077178955078125 273.127105712890625 285.9619140625 294.77227783203125 305.49066162109375 313.0701904296875 312.478790283203125 319.678131103515625 327.7047119140625 332.80364990234375 334.2100830078125 340.12738037109375 346.033172607421875 360.6322021484375 393.097747802734375 424.034881591796875 437.815032958984375 425.924346923828125 450.3065185546875 477.63128662109375 470.710784912109375 436.676422119140625 414.012664794921875 404.294342041015625 383.846649169921875 365.244781494140625
275.16668701171875 280.39666748046875 272.500213623046875 262.10540771484375 256.25311279296875 255.7217559814453125 244.891326904296875 231.1217498779296875 224.1337890625 226.7431640625 206.5557098388671875 214.353912353515625 247.9744415283203125 246.0260009765625 224.11474609375 227.0839385986328125 214.3618011474609375 225.448974609375 257.873046875 270.57757568359375 270.735076904296875 284.7095947265625 300.260040283203125 306.28741455078125 307.60888671875 317.564483642578125 322.20062255859375 322.76458740234375 325.225982666015625 334.520843505859375 351.18994140625 381.13861083984375 406.358123779296875 421.46893310546875 430.114013671875 421.65045166015625 442.33465576171875 472.471160888671875 474.30059814453125 448.22283935546875 407.006591796875 382.358123779296875 367.509918212890625 349.210968017578125
273.5750732421875 272.578460693359375 264.080963134765625 254.0271453857421875 245.745269775390625 235.7378997802734375 221.297210693359375 212.8123321533203125 203.0133819580078125 196.4897003173828125 188.8542327880859375 190.6247711181640625 216.48870849609375 222.67889404296875 199.043182373046875 206.9971160888671875 210.0966644287109375 209.0025177001953125 243.927764892578125 258.786041259765625 257.58740234375 268.307220458984375 285.7235107421875 294.966705322265625 303.3626708984375 312.354156494140625 313.718292236328125 312.97247314453125 317.620330810546875 339.715118408203125 379.0487060546875 410.803009033203125 418.84698486328125 421.855133056640625 432.578704833984375 424.174560546875 416.85760498046875 440.254425048828125 461.88055419921875 451.03057861328125 412.031494140625 380.556427001953125 370.330657958984375 362.92364501953125
277.1175537109375 268.9371337890625 261.440185546875 253.651580810546875 243.401947021484375 235.0540008544921875 228.9886627197265625 216.19024658203125 203.7536468505859375 189.5027313232421875 172.0811767578125 167.6856536865234375 174.620513916015625 183.60595703125 172.1028900146484375 178.9193878173828125 193.721923828125 219.9268035888671875 241.174530029296875 241.78436279296875 245.90338134765625 253.327789306640625 270.5020751953125 295.53204345703125 308.684814453125 310.799468994140625 307.740234375 303.488006591796875 310.3326416015625 349.693572998046875 389.45147705078125 407.958526611328125 413.666961669921875 424.505615234375 426.819976806640625 389.863433837890625 363.58319091796875 388.242340087890625 438.414459228515625 443.637542724609375 405.31365966796875 365.433685302734375 354.384033203125 355.919219970703125
280.162841796875 272.37152099609375 273.824615478515625 273.98724365234375 259.223968505859375 256.22930908203125 244.9444122314453125 223.6086578369140625 213.2291259765625 200.1576995849609375 174.2151031494140625 163.7310638427734375 163.38153076171875 169.207794189453125 166.12847900390625 173.65582275390625 202.5697021484375 227.6495361328125 232.1233062744140625 228.2906951904296875 236.3806304931640625 239.612091064453125 270.422454833984375 304.755157470703125 315.35943603515625 312.558990478515625 306.075286865234375 302.58984375 318.35479736328125 348.29107666015625 377.8289794921875 400.08331298828125 408.99755859375 419.420623779296875 392.306427001953125 321.977142333984375 308.01275634765625 360.806793212890625 430.09283447265625 450.144775390625 420.48199462890625 384.753021240234375 353.1009521484375 336.643463134765625
279.16162109375 278.899932861328125 281.4986572265625 284.237335205078125 271.04351806640625 265.968231201171875 254.707611083984375 238.2890625 235.629119873046875 220.776519775390625 197.920989990234375 182.3978118896484375 171.3150787353515625 166.693817138671875 164.25079345703125 172.4579315185546875 199.0143585205078125 222.6125335693359375 221.820037841796875 219.0827789306640625 224.8916778564453125 241.10858154296875 267.469390869140625 295.202972412109375 308.112274169921875 308.482330322265625 304.126434326171875 301.0643310546875 318.2164306640625 343.427459716796875 370.0904541015625 393.771270751953125 404.078277587890625 374.10784912109375 313.12164306640625 266.892425537109375 296.319793701171875 370.438323974609375 433.733184814453125 455.455322265625 436.94049072265625 409.6622314453125 371.11859130859375 341.933868408203125
275.283447265625 283.315673828125 283.75634765625 284.2825927734375 279.5118408203125 274.951507568359375 263.329315185546875 250.9515838623046875 236.6938323974609375 225.5399627685546875 222.789764404296875 205.813720703125 187.2657470703125 171.46466064453125 163.2446441650390625 168.8055877685546875 194.5172119140625 203.2990570068359375 199.3536834716796875 199.3152618408203125 204.492950439453125 229.6090240478515625 253.101165771484375 272.937164306640625 287.4190673828125 294.78558349609375 286.298126220703125 289.127593994140625 300.83599853515625 330.6392822265625 357.42376708984375 386.324615478515625 394.054962158203125 329.650543212890625 261.115570068359375 252.5471954345703125 322.58331298828125 402.931304931640625 445.988739013671875 436.68994140625 425.9176025390625 407.6827392578125 378.906463623046875 357.359222412109375
268.5435791015625 276.8333740234375 280.140045166015625 285.380767822265625 285.72821044921875 283.524444580078125 270.8858642578125 254.7897796630859375 238.785308837890625 224.0407867431640625 213.4136505126953125 200.8548431396484375 185.3548431396484375 173.4976654052734375 161.8544464111328125 162.7191162109375 176.67938232421875 178.280181884765625 174.07244873046875 177.24853515625 183.1505584716796875 196.786590576171875 218.9163818359375 243.9290771484375 271.368255615234375 285.077850341796875 265.812530517578125 268.436187744140625 287.646270751953125 320.734161376953125 341.61578369140625 371.875030517578125 374.051544189453125 333.8201904296875 302.346527099609375 287.23736572265625 342.184783935546875 415.437713623046875 441.944000244140625 427.1114501953125 402.898834228515625 372.213897705078125 347.164459228515625 335.618133544921875
266.672454833984375 273.028900146484375 278.798126220703125 283.300445556640625 285.6768798828125 285.31951904296875 275.864501953125 264.26519775390625 246.42791748046875 232.1206817626953125 221.1860504150390625 212.7096405029296875 195.187957763671875 177.095794677734375 161.411376953125 160.088348388671875 162.9622802734375 167.4187164306640625 171.8749237060546875 175.963775634765625 186.1635589599609375 192.1497344970703125 194.3959503173828125 207.719207763671875 247.046966552734375 271.964111328125 250.0055999755859375 261.962371826171875 300.141357421875 324.05230712890625 325.71258544921875 351.518768310546875 366.459869384765625 362.400299072265625 358.886962890625 353.72894287109375 380.203826904296875 439.235382080078125 441.571014404296875 419.783538818359375 391.24029541015625 346.487823486328125 319.70904541015625 311.8232421875
273.6978759765625 279.22607421875 282.714813232421875 286.01031494140625 287.798553466796875 283.285369873046875 272.041412353515625 266.046661376953125 247.5116729736328125 225.5493316650390625 216.4722900390625 215.02349853515625 204.8356781005859375 182.633453369140625 165.3936920166015625 160.3444976806640625 158.1992034912109375 164.2892608642578125 175.6202392578125 180.25152587890625 190.7175445556640625 207.58404541015625 211.1688385009765625 207.1667022705078125 222.303680419921875 248.6072845458984375 245.1338958740234375 256.063323974609375 283.674285888671875 310.613037109375 314.4759521484375 337.398712158203125 373.717010498046875 390.108001708984375 404.7216796875 425.1729736328125 446.767333984375 455.75555419921875 434.560943603515625 399.402008056640625 374.299041748046875 346.162384033203125 334.230316162109375 323.312286376953125
278.88873291015625 283.755035400390625 286.50616455078125 289.8094482421875 288.7568359375 277.580963134765625 262.2509765625 260.992279052734375 253.46502685546875 230.058258056640625 208.0216827392578125 202.4454803466796875 197.08349609375 181.682342529296875 170.0836181640625 161.6889495849609375 157.27947998046875 164.288909912109375 179.1217803955078125 180.7217559814453125 183.596710205078125 208.895904541015625 225.2055206298828125 230.28973388671875 226.6849517822265625 238.717803955078125 267.79302978515625 278.71136474609375 289.449676513671875 333.740692138671875 351.878326416015625 360.169921875 388.229827880859375 408.133056640625 429.971435546875 455.283782958984375 472.495086669921875 465.48260498046875 438.106689453125 398.427337646484375 375.61572265625 374.453704833984375 374.287445068359375 352.946990966796875
