docs/source/examples/basic/data_gis/example_DEM_100m_srtm_mga55.asc
ncols        183
nrows        198
xllcorner    374948.557126862986
yllcorner    5333919.162918530405
cellsize     100.000000000000
NODATA_value  -3.4028234663852889759e+38
[rows 140 to 159 of 198, columns 132 to 175 of 183]
231 231 231 231 231 231 231 231 231 231 231 231 231 231 231 231 231.74163818359375 232.1061553955078125 231.1453399658203125 231 231 231 231 231 231 231 231 230.953521728515625 230.68389892578125 231.094024658203125 233.2154998779296875 235.3635101318359375 238.346710205078125 241.0565185546875 241.627410888671875 240.920806884765625 239.0001983642578125 239.8158721923828125 240.775665283203125 244.196258544921875 249.5367584228515625 257.41339111328125 266.231475830078125 287.6341552734375
231 231 231 231 231 231 231 231 231 231 231 231 231 231 231 231 231 231 231 231 231 231 231 231 231 231 231 231.148101806640625 232.7698516845703125 237.45343017578125 240.1016387939453125 243.506561279296875 246.52728271484375 247.6124267578125 251.3920440673828125 251.5857391357421875 249.1197509765625 246.03179931640625 244.8558197021484375 245.288543701171875 249.4456634521484375 261.447265625 268.4967041015625 287.190338134765625
231 231 231 231 231 231 231 231 231 231 231 231 231 231 231 231 231 231 231 231 231 231 231 231 231 231 231 231.6060943603515625 236.263519287109375 247.1735382080078125 249.3564453125 253.82830810546875 262.66717529296875 269.861572265625 269.827178955078125 267.481414794921875 268.285552978515625 259.204833984375 250.9820098876953125 248.2597503662109375 251.921478271484375 266.43878173828125 276.884918212890625 286.2022705078125
231 231 231 231 231 231 230.984375 230.6682891845703125 230.857086181640625 231 231 231 231 231 231 231 231 231 231 231 231 231 231 231 231 230.943878173828125 230.634002685546875 232.540985107421875 243.492401123046875 256.055511474609375 258.533721923828125 271.018951416015625 289.7840576171875 310.1324462890625 302.807281494140625 294.10150146484375 301.644439697265625 286.90130615234375 264.074615478515625 256.738189697265625 262.344970703125 271.49432373046875 284.936187744140625 290.6331787109375
231 231 231 231 231 231 230.992919921875 230.787750244140625 230.6089935302734375 230.9557647705078125 231 231 231 231 231 231 231 231 231 231 231 231 231 231 231 229.77093505859375 229.014801025390625 235.1046600341796875 253.677001953125 263.997772216796875 269.084686279296875 289.536224365234375 313.2060546875 337.168548583984375 323.07666015625 317.591552734375 314.858978271484375 301.142608642578125 275.434539794921875 268.000946044921875 272.780914306640625 278.636993408203125 289.417816162109375 294.73504638671875
231 231 231 231 231 231 231 230.983673095703125 230.8009185791015625 230.883087158203125 230.9902801513671875 231 231 231 231 231 231 231 231 231 231 231 231 230.9815521240234375 230.6447296142578125 229.930023193359375 230.70556640625 237.1782073974609375 254.58367919921875 267.48931884765625 276.208953857421875 299.374237060546875 325.063018798828125 331.785980224609375 315.1690673828125 316.036041259765625 307.86700439453125 296.950286865234375 285.806854248046875 281.493194580078125 283.689483642578125 286.48077392578125 289.13336181640625 293.186248779296875
231 231 231 231 231 231 231 231 230.865325927734375 230.68927001953125 230.9869232177734375 231 231 231 231 231 231 231 231 231 231 231 230.988067626953125 230.5517578125 230.2525177001953125 233.99359130859375 235.9764556884765625 240.39569091796875 251.581298828125 265.5875244140625 276.440582275390625 300.553314208984375 312.160003662109375 305.8040771484375 298.45843505859375 298.49951171875 291.4560546875 285.148712158203125 283.484954833984375 283.0537109375 285.503814697265625 286.50634765625 287.0994873046875 291.198699951171875
231 231 231 231 231 231 231 231 230.9219970703125 230.39971923828125 230.965667724609375 231 231 231 231 231 231 231 231 231 231 231 231.0867462158203125 231.5576324462890625 235.8733062744140625 241.94049072265625 243.6674041748046875 245.5592498779296875 250.39642333984375 259.26629638671875 271.298095703125 288.73614501953125 289.979034423828125 291.47943115234375 286.494903564453125 284.659149169921875 286.891510009765625 283.32855224609375 280.19952392578125 281.128387451171875 285.46368408203125 286.837738037109375 288.198211669921875 291.353363037109375
231 231 231 231 231 231 231 231 231.3516845703125 231.0869598388671875 230.922119140625 231 231 231 231 231 231 231 231 231 231 231.1408538818359375 233.216888427734375 236.5350341796875 240.8858489990234375 245.221893310546875 246.670379638671875 247.7444610595703125 249.6735076904296875 254.091766357421875 265.39569091796875 273.188690185546875 275.25762939453125 282.062042236328125 285.01373291015625 295.155517578125 303.930511474609375 297.14361572265625 286.148956298828125 283.808624267578125 287.113494873046875 289.7816162109375 290.652069091796875 293.515106201171875
231 231 231 231 231 231 231 230.99713134765625 232.5037994384765625 234.085235595703125 231.8875885009765625 231 231 231 231 231 231 231 231 231 231 232.7538299560546875 238.913665771484375 242.72406005859375 243.7784423828125 244.3797454833984375 241.7015228271484375 242.595062255859375 246.07318115234375 250.915191650390625 260.460601806640625 265.869903564453125 282.136383056640625 294.625457763671875 299.88702392578125 313.03973388671875 319.38330078125 314.52386474609375 300.9129638671875 289.630584716796875 292.763427734375 295.828033447265625 295.6083984375 297.191650390625
231 231 231 231 231 231 231 230.73956298828125 232.51995849609375 234.857269287109375 232.72894287109375 231 231 231 231 231 231 231 231 231 231.060638427734375 234.1256256103515625 240.8472442626953125 243.58233642578125 242.064666748046875 239.62213134765625 235.871337890625 239.029266357421875 244.6582794189453125 250.0126953125 257.454803466796875 268.26641845703125 296.58392333984375 308.957122802734375 311.468963623046875 324.286651611328125 332.838134765625 340.98345947265625 324.1160888671875 299.689178466796875 300.81402587890625 300.64776611328125 301.110626220703125 302.097503662109375
231 231 231 231 231 231 231 230.28924560546875 231.58428955078125 234.126708984375 232.7098541259765625 231 231 231 231 231 231 231 231 231 231 233.1099395751953125 238.6859283447265625 239.534820556640625 237.178009033203125 234.3728485107421875 234.7842864990234375 241.5468597412109375 247.155029296875 252.1445159912109375 264.97760009765625 283.5433349609375 311.456390380859375 321.582763671875 321.4798583984375 333.92523193359375 349.466094970703125 362.181976318359375 342.665283203125 311.055023193359375 306.95611572265625 304.0565185546875 303.147430419921875 303.238067626953125
231 231 231 231 231 231 231 230.739715576171875 231.520599365234375 233.2808990478515625 231.8704376220703125 231 231 231 231 231 231 231 231 231.02581787109375 231.5316162109375 232.54571533203125 233.132659912109375 235.3320770263671875 235.7822265625 235.7747802734375 240.30743408203125 246.359954833984375 252.2695770263671875 258.9727783203125 278.268218994140625 297.89532470703125 327.51068115234375 337.3382568359375 332.824188232421875 348.415985107421875 371.62591552734375 379.5523681640625 362.17425537109375 332.68426513671875 316.684326171875 305.441619873046875 302.84991455078125 301.07550048828125
231 231 231 231 231 231 231 231.0251617431640625 231.695953369140625 232.1989898681640625 231.2487335205078125 231 231 231 231 231 231 231 231 232.1896514892578125 235.976898193359375 239.181488037109375 239.242340087890625 239.1476287841796875 240.1806793212890625 242.300811767578125 248.6114959716796875 254.0366058349609375 260.64263916015625 267.4022216796875 291.68475341796875 312.375823974609375 346.448272705078125 359.065521240234375 347.33642578125 358.256866455078125 375.133544921875 368.507720947265625 355.29229736328125 330.42083740234375 316.586456298828125 305.487762451171875 303.005157470703125 299.032806396484375
231 231 231 231 231 231 231 231 231.2738494873046875 231.1648406982421875 231 231 231 231 231 231 231 231 231.2821502685546875 242.4177398681640625 259.411773681640625 255.0723724365234375 252.804931640625 249.6165924072265625 248.214447021484375 249.0654296875 253.45306396484375 262.0531005859375 268.661865234375 273.648773193359375 299.091705322265625 323.1397705078125 356.798492431640625 380.835693359375 365.83203125 368.803131103515625 369.678924560546875 348.28924560546875 334.464935302734375 314.1298828125 306.636566162109375 304.536865234375 303.9920654296875 301.51947021484375
231 231 231 231 231 231 231 231 231 231 231 231 231 231 231 231 231 231.2605743408203125 237.8096771240234375 263.412811279296875 279.71563720703125 279.925933837890625 276.766326904296875 262.293243408203125 253.7378692626953125 253.979461669921875 257.409423828125 269.62744140625 276.256927490234375 279.12286376953125 306.350860595703125 332.774261474609375 362.609130859375 396.536376953125 387.643890380859375 373.699920654296875 357.052337646484375 333.923126220703125 321.204681396484375 308.615814208984375 306.2952880859375 304.331298828125 301.18377685546875 299.764312744140625
231 231 231 231 231 231 231 231 231 231 231 231 231 231 231 231 231 234.7260589599609375 259.824981689453125 287.5262451171875 289.249664306640625 292.81951904296875 298.60479736328125 276.792510986328125 259.85723876953125 262.37213134765625 264.913421630859375 280.750396728515625 286.442901611328125 285.53839111328125 313.139984130859375 350.34600830078125 376.874176025390625 408.91424560546875 413.02960205078125 381.700469970703125 350.211822509765625 331.1480712890625 315.526153564453125 309.783843994140625 310.159759521484375 304.095855712890625 295.466064453125 298.317779541015625
231 231 231 231 231 231 231 231 231 231 231 231 231 231 231 231.0418548583984375 233.9240264892578125 250.2076568603515625 278.196044921875 290.76995849609375 283.061676025390625 288.140411376953125 293.28375244140625 277.184051513671875 267.138519287109375 280.595855712890625 285.48712158203125 300.409576416015625 298.134613037109375 295.199493408203125 320.207733154296875 358.0721435546875 396.59625244140625 433.1531982421875 435.857635498046875 393.437164306640625 352.806732177734375 330.502716064453125 313.194915771484375 310.969512939453125 313.9278564453125 305.8018798828125 294.524444580078125 303.416961669921875
231 231 231 231 231 231 231 231 231 231 231 231 231 231 231.0677490234375 231.8272552490234375 237.3007354736328125 253.2840728759765625 273.072479248046875 275.512298583984375 266.903656005859375 273.988006591796875 274.128143310546875 269.08184814453125 274.084747314453125 299.833038330078125 315.10894775390625 318.500762939453125 307.380279541015625 303.917022705078125 326.0777587890625 362.45526123046875 399.2568359375 438.3660888671875 436.723876953125 393.01593017578125 346.23590087890625 322.0294189453125 307.838775634765625 310.012054443359375 317.043731689453125 307.067901611328125 295.73406982421875 309.156982421875
230.99029541015625 230.8342437744140625 230.7255859375 230.878753662109375 231.094818115234375 231 231 231 231 231 231 231 231 231 231.225738525390625 234.3113861083984375 240.1884002685546875 247.6971588134765625 256.918548583984375 255.587066650390625 258.5919189453125 265.06121826171875 265.638641357421875 267.419403076171875 278.490936279296875 294.65802001953125 315.220062255859375 324.42401123046875 315.289398193359375 308.161529541015625 328.496368408203125 370.513519287109375 412.025360107421875 440.217987060546875 419.829925537109375 378.04681396484375 342.457000732421875 316.8826904296875 302.9017333984375 303.20013427734375 312.116912841796875 305.1749267578125 295.85003662109375 311.47979736328125
